10,241
10,71
10,75
59,4
10,175
59,3
10,171
59,2
59,1
59,0
58,5
58,4
58,3
10,97
58,2
10,301
58,1
58,0
52,9
52,8
52,7
52,6
52,5
52,4
52,3
10,205
52,2
10,2
10,3
52,1
52,0
49,6
49,5
49,4
49,3
11,5
11,25
49,2
49,1
49,0
47,6
47,5
47,4
47,3
47,2
47,1
47,0
43,5
43,4
43,3
8,16
8,13
43,2
43,1
43,0
42,6
42,5
42,4
42,3
8,18
8,6
42,2
42,1
42,0
41,4
41,3
41,1
40,4
40,3
40,1
33,4
33,3
33,1
30,3
30,2
30,1
29,4
29,3
29,2
29,1
27,6
27,5
27,4
27,3
27,2
27,1
27,0
24,3
24,1
20,3
20,2
20,1
19,2
19,1
12,3
19,3
12,2
12,1
11,29
11,28
11,27
11,26
11,24
11,23
11,22
11,21
11,20
11,19
11,17
11,16
11,14
11,13
11,12
11,11
11,9
11,1
11,7
11,3
11,2
10,297
10,273
18,1
